-4.66635532059 -2.76664019908 -42.8339205358 4.09053209536 4.64917485271 4.51460225105
-0.995289677896 -2.60784433118 -44.9970454207 -3.5659057115 1.71137863298 -2.57183829594
-0.351475462457 3.36058532522 -40.7822229235 -1.24994603091 3.05958732205 -1.57120268413
4.66161147923 3.19920579046 -47.7352059517 -2.98313668222 1.94751729013 1.69170601817
7.5310958635 -4.74173648552 -40.4538011609 -3.50740933751 0.671513194154 -4.13090553684
4.24473781681 1.87655757442 -49.9121733511 -3.00393362942 -1.79628242051 3.51160999256
11.3653062808 -3.45799957849 -41.0441463511 -2.1248276945 -3.25443162464 -2.70813805588
5.92641505025 -1.21492108245 -46.1102940295 -3.83159158671 -4.79160725905 -2.48523762933
13.3221469724 1.54142129899 -49.7183834507 -3.11562646823 4.17417490691 -0.766334243044
18.0383357784 -2.68134236792 -45.6714062854 -2.25568465354 -1.80910833921 -1.53928698053
12.7220355232 1.87942631928 -47.2636892774 -1.36565874246 0.400006763075 -1.3850742469
